0 Plate  2 x  4 with Pins
0 Name: 30157.dat
0 Author: Paul Easter [pneaster]
0 !LDRAW_ORG Part UPDATE 2009-02
0 !LICENSE Redistributable under CCAL version 2.0 : see CAreadme.txt

0 BFC CERTIFY CCW
0 !KEYWORDS pins, wheel, hub


2 24 -36 4 16 -18 4 16
2 24 -16 4 16 16 4 16
2 24 18 4 16 36 4 16
2 24 -36 4 16 -36 4 1
2 24 -36 4 -16 -36 4 -1
2 24 36 4 16 36 4 1
2 24 36 4 -16 36 4 -1
2 24 -36 4 -16 -18 4 -16
2 24 -16 4 -16 16 4 -16
2 24 18 4 -16 36 4 -16
2 24 -36 8 16 -36 8 12
2 24 -36 8 -16 -36 8 -12
2 24 36 8 16 -36 8 16
2 24 -36 8 -16 36 8 -16
2 24 36 8 16 36 8 12
2 24 36 8 -16 36 8 -12
2 24 36 8 16 36 4 16
2 24 -36 8 16 -36 4 16
2 24 36 8 -16 36 4 -16
2 24 -36 8 -16 -36 4 -16
4 16 36 4 16 36 4 -16 -36 4 -16 -36 4 16
4 16 -36 4 16 -36 8 16 36 8 16 36 4 16
4 16 -36 4 -16 -36 8 -16 -36 8 16 -36 4 16
4 16 36 4 -16 36 8 -16 -36 8 -16 -36 4 -16
4 16 36 4 16 36 8 16 36 8 -16 36 4 -16
0
1 16 0 4 0 1 0 0 0 -1 0 0 0 1 stud4.dat
1 16 17 4 0 0 0 1 0 3.5 0 -16 0 0 box3u2p.dat
1 16 -17 4 0 0 0 1 0 3.5 0 -16 0 0 box3u2p.dat
0
4 16 40 8 20 36 8 16 -36 8 16 -40 8 20
4 16 -40 8 -20 -36 8 -16 36 8 -16 40 8 -20
4 16 40 8 -20 36 8 -16 36 8 16 40 8 20
4 16 -40 8 20 -36 8 16 -36 8 -16 -40 8 -20
0
2 24 -40 0 20 -40 0 -20
2 24 40 0 -20 40 0 20
2 24 -40 8 20 -40 8 12
2 24 -40 8 -20 -40 8 -12
2 24 40 8 20 40 8 12
2 24 40 8 -20 40 8 -12
2 24 40 8 20 40 0 20
2 24 -40 8 20 -40 0 20
2 24 40 8 -20 40 0 -20
2 24 -40 8 -20 -40 0 -20
4 16 -40 0 20 -40 8 20 -40 8 -20 -40 0 -20
4 16 40 0 -20 40 8 -20 40 8 20 40 0 20
1 16 0 8 0 40 0 0 0 -8 0 0 0 20 box3u8p.dat
0
2 24 36 8 -12 40 8 -12
2 24 36 8 12 40 8 12
2 24 40 15.656 -5.656 40 8 -12
2 24 40 15.656 5.656 40 8 12
2 24 36 15.656 -5.656 36 8 -12
2 24 36 15.656 5.656 36 8 12
4 16 40 15.656 -5.656 40 15.656 5.656 40 8 12 40 8 -12
4 16 36 8 -12 36 8 12 36 15.656 5.656 36 15.656 -5.656
4 16 40 8 -12 36 8 -12 36 15.656 -5.656 40 15.656 -5.656
4 16 40 15.656 5.656 36 15.656 5.656 36 8 12 40 8 12
1 16 36 10 0 0 -1 0 5.656 0 5.656 -5.656 0 5.656 1-4edge.dat
1 16 36 10 0 0 1 0 5.656 0 5.656 -5.656 0 5.656 1-4chrd.dat
1 16 40 10 0 0 -4 0 5.656 0 5.656 -5.656 0 5.656 1-4cyli.dat
0
2 24 -36 8 -12 -40 8 -12
2 24 -36 8 12 -40 8 12
2 24 -40 15.656 -5.656 -40 8 -12
2 24 -40 15.656 5.656 -40 8 12
2 24 -36 15.656 -5.656 -36 8 -12
2 24 -36 15.656 5.656 -36 8 12
4 16 -40 8 -12 -40 8 12 -40 15.656 5.656 -40 15.656 -5.656
4 16 -36 15.656 -5.656 -36 15.656 5.656 -36 8 12 -36 8 -12
4 16 -40 15.656 -5.656 -36 15.656 -5.656 -36 8 -12 -40 8 -12
4 16 -40 8 12 -36 8 12 -36 15.656 5.656 -40 15.656 5.656
1 16 -36 10 0 0 1 0 5.656 0 5.656 -5.656 0 5.656 1-4edge.dat
1 16 -36 10 0 0 -1 0 5.656 0 5.656 -5.656 0 5.656 1-4chrd.dat
1 16 -40 10 0 0 4 0 5.656 0 5.656 -5.656 0 5.656 1-4cyli.dat
0
2 24 36 4 1 20 4 1
2 24 20 4 1 20 4 -1
2 24 36 4 -1 20 4 -1
2 24 20 4 1 36 17.5 1
2 24 20 4 -1 36 17.5 -1
2 24 36 17.5 1 36 17.5 -1
2 24 36 17.5 1 36 4 1
2 24 36 17.5 -1 36 4 -1
3 16 36 17.5 1 20 4 1 36 4 1
3 16 36 4 -1 20 4 -1 36 17.5 -1
4 16 36 17.5 1 36 17.5 -1 20 4 -1 20 4 1
0
2 24 -36 4 1 -20 4 1
2 24 -20 4 1 -20 4 -1
2 24 -36 4 -1 -20 4 -1
2 24 -20 4 1 -36 17.5 1
2 24 -20 4 -1 -36 17.5 -1
2 24 -36 17.5 1 -36 17.5 -1
2 24 -36 17.5 1 -36 4 1
2 24 -36 17.5 -1 -36 4 -1
3 16 -36 4 1 -20 4 1 -36 17.5 1
3 16 -36 17.5 -1 -20 4 -1 -36 4 -1
4 16 -20 4 1 -20 4 -1 -36 17.5 -1 -36 17.5 1
0
1 16 40 10 0 0 1 0 5.65685 0 -5.65685 5.65685 0 5.65685 3-4edge.dat
1 16 -40 10 0 0 1 0 5.65685 0 -5.65685 5.65685 0 5.65685 3-4edge.dat
1 16 40 10 0 0 1 0 4 0 0 0 0 4 4-4edge.dat
1 16 -40 10 0 0 1 0 4 0 0 0 0 4 4-4edge.dat
1 16 40 10 0 0 -1 0 1 0 0 0 0 1 connect.dat
1 16 -40 10 0 0 1 0 1 0 0 0 0 1 connect.dat
1 16 20 0 0 0 0 1 0 1 0 -1 0 0 stug2.dat
1 16 -20 0 0 0 0 1 0 1 0 -1 0 0 stug2.dat
0
