0 Znap Beam Angle  5 Holes
0 Name: 32206.dat
0 Author: Thomas Woelk [t.woelk]
0 !LDRAW_ORG Part UPDATE 2011-01
0 !LICENSE Redistributable under CCAL version 2.0 : see CAreadme.txt

0 BFC CERTIFY CW


1 16 -80 0 -60 1 0 0 0 1 0 0 0 1 znap6.dat
1 16 -80 0 -40 1 0 0 0 1 0 0 0 1 connhole.dat
1 16 -80 0 -40 -1 0 0 0 -1 0 0 0 1 znap4.dat
1 16 80 0 -60 -1 0 0 0 -1 0 0 0 1 znap6.dat
1 16 80 0 -40 -1 0 0 0 -1 0 0 0 1 connhole.dat
1 16 -40 0 0 -1 0 0 0 -1 0 0 0 1 connhole.dat
1 16 0 0 0 -1 0 0 0 -1 0 0 0 1 connhole.dat
1 16 40 0 0 -1 0 0 0 -1 0 0 0 1 connhole.dat
1 16 40 0 0 0 0 1 0 -1 0 1 0 0 znap4.dat
1 16 -40 0 0 0 0 -1 0 1 0 1 0 0 znap4.dat
1 16 -60 0 -20 -0.707107 0 5.85767 0 -1 0 0.707107 0 5.85767 znap5.dat
1 16 60 0 -20 0.707107 0 -5.85767 0 1 0 0.707107 0 5.85767 znap5.dat
1 16 80 0 -40 1 0 0 0 1 0 0 0 1 znap4.dat
1 16 -20 0 0 0 0 1 0 -1 0 1 0 0 znap1.dat
1 16 20 0 0 0 0 1 0 -1 0 1 0 0 znap1.dat
4 16 -40 10 10 40 10 10 40 -10 10 -40 -10 10
2 24 -40 -10 10 40 -10 10
2 24 -40 10 10 40 10 10
4 16 35.858 10 -10 -35.858 10 -10 -35.858 -10 -10 35.858 -10 -10
2 24 35.858 -10 -10 -35.858 -10 -10
2 24 35.858 10 -10 -35.858 10 -10
4 16 -90 10 -40 -90 -10 -40 -90 -10 -65 -90 10 -65
4 16 -70 10 -65 -70 -10 -65 -70 -10 -44.142 -70 10 -44.142
4 16 90 -10 -40 90 10 -40 90 10 -65 90 -10 -65
2 24 90 -10 -40 90 -10 -65
2 24 90 10 -40 90 10 -65
2 24 -90 -10 -40 -90 -10 -65
2 24 -90 10 -40 -90 10 -65
4 16 70 -10 -65 70 10 -65 70 10 -44.142 70 -10 -44.142
2 24 70 -10 -65 70 -10 -44.142
2 24 70 10 -65 70 10 -44.142
2 24 -70 -10 -65 -70 -10 -44.142
2 24 -70 10 -65 -70 10 -44.142
0 //
0 //
