0 ~Pin for Electric Plug (Type 4) Single (Needs Work)
0 Name: u9146.dat
0 Author: Chris Dee [cwdee]
0 !LDRAW_ORG Part UPDATE 2011-02
0 !LICENSE Redistributable under CCAL version 2.0 : see CAreadme.txt

0 BFC CERTIFY CCW

0 !CATEGORY Electric


0 // Needs work: Despite their titles and current implementation suggest that,
0 //             it is unclear if parts u9018.dat, u9019.dat, u9134.dat, u9146.dat
0 //             are really distinct. We need to investigate geometry more for these and,
0 //             if necessary, unify some of them.

0 // Needs work: hole is not modeled yet

1 16 0 0 -14 1 0 0 0 1 0 0 0 1 plug34.dat
1 16 0 0 -14 0.5 0 0 0 0 0.5 0 1 0 4-4ring7.dat
1 16 0 0 -12 -2.5 0 0 0 0 -2.5 0 -1 0 4-4disc.dat
1 16 0 0 -12 2.5 0 0 0 0 -2.5 0 1 0 4-4edge.dat
0 BFC INVERTNEXT
1 16 0 0 -12 2.5 0 0 0 0 -2.5 0 12 0 4-4cyli.dat
1 16 0 0 0 2.5 0 0 0 0 -2.5 0 1 0 4-4edge.dat
1 16 0 0 0 -0.625 0 0 0 0 -0.625 0 -1 0 4-4ring4.dat
1 16 0 0 0 -1 0 0 0 0 -1 0 -1 0 4-4ring3.dat
1 16 0 0 0 4 0 0 0 0 -4 0 1 0 4-4edge.dat
1 16 0 0 -14 4 0 0 0 0 -4 0 14 0 4-4cyli.dat
1 16 0 0 -14 4 0 0 0 0 -4 0 1 0 4-4edge.dat
2 24 2.5 -3.048 -5 2.31 -3.175 -4.043
2 24 2.31 -3.175 -4.043 1.768 -3.537 -3.232
2 24 1.768 -3.537 -3.232 1.531 -3.696 -3.074
2 24 1.531 -3.696 -3.074 0.957 -3.81 -2.69
2 24 0.957 -3.81 -2.69 0 -4 -2.5
2 24 -2.5 -3.048 -5 -2.31 -3.175 -4.043
2 24 -2.31 -3.175 -4.043 -1.768 -3.537 -3.232
2 24 -1.768 -3.537 -3.232 -1.531 -3.696 -3.074
2 24 -1.531 -3.696 -3.074 -0.957 -3.81 -2.69
2 24 -0.957 -3.81 -2.69 0 -4 -2.5
2 24 2.5 -3.048 -5 2.31 -3.175 -5.957
2 24 2.31 -3.175 -5.957 1.768 -3.537 -6.768
2 24 1.768 -3.537 -6.768 1.531 -3.696 -6.926
2 24 1.531 -3.696 -6.926 0.957 -3.81 -7.31
2 24 0.957 -3.81 -7.31 0 -4 -7.5
2 24 -2.5 -3.048 -5 -2.31 -3.175 -5.957
2 24 -2.31 -3.175 -5.957 -1.768 -3.537 -6.768
2 24 -1.768 -3.537 -6.768 -1.531 -3.696 -6.926
2 24 -1.531 -3.696 -6.926 -0.957 -3.81 -7.31
2 24 -0.957 -3.81 -7.31 0 -4 -7.5
1 16 0 0 -5 2.5 0 0 0 0.707 -2.5 0 0.707 2.5 1-4edge.dat
1 16 0 0 -5 2.5 0 0 0 0.707 -2.5 0 -0.707 -2.5 1-4edge.dat
1 16 0 0 -5 -2.5 0 0 0 0.707 -2.5 0 0.707 2.5 1-4edge.dat
1 16 0 0 -5 -2.5 0 0 0 0.707 -2.5 0 -0.707 -2.5 1-4edge.dat
