0 Znap Between Pegholes 5
0 Name: znap5.dat
0 Author: Thomas Woelk [t.woelk]
0 !LDRAW_ORG Primitive UPDATE 2011-01
0 !LICENSE Redistributable under CCAL version 2.0 : see CAreadme.txt

0 BFC CERTIFY CCW


4 16 -6.36 -2 1 -6.36 -2 -1 6.36 -2 -1 6.36 -2 1
4 16 -6.36 2 -1 -6.36 2 1 6.36 2 1 6.36 2 -1
4 16 10 -10 1 6.36 -10 1 6.36 -10 -1 10 -10 -1
4 16 -10 -10 -1 -6.36 -10 -1 -6.36 -10 1 -10 -10 1
4 16 10 10 -1 6.36 10 -1 6.36 10 1 10 10 1
4 16 -10 10 1 -6.36 10 1 -6.36 10 -1 -10 10 -1
0
4 16 -6.36 -2 1 -6.36 -10 1 -6.36 -10 -1 -6.36 -2 -1
4 16 -6.36 10 1 -6.36 2 1 -6.36 2 -1 -6.36 10 -1
4 16 6.36 -2 -1 6.36 -10 -1 6.36 -10 1 6.36 -2 1
4 16 6.36 10 -1 6.36 2 -1 6.36 2 1 6.36 10 1
0
2 24 6.36 -10 1 6.36 -10 -1
2 24 10 -10 1 10 -10 -1
4 16 10 10 -1 10 10 1 10 -10 1 10 -10 -1
4 16 -10 10 1 -10 10 -1 -10 -10 -1 -10 -10 1
2 24 10 10 1 10 10 -1
2 24 -10 10 1 -10 10 -1
2 24 -10 -10 1 -10 -10 -1
2 24 6.36 -2 1 6.36 -2 -1
2 24 -6.36 -2 1 -6.36 -2 -1
2 24 -6.36 -10 1 -6.36 -10 -1
2 24 -6.36 10 1 -6.36 10 -1
2 24 6.36 10 1 6.36 10 -1
2 24 -6.36 2 1 -6.36 2 -1
2 24 6.36 2 1 6.36 2 -1
0
